The best. 0.4 is weight of the posture.
0.400000	0.760000	0.916000	0.953000
0.400000	0.578000	0.781000	0.849000
0.400000	0.809000	0.930000	0.952000
0.400000	0.588000	0.787000	0.839000
0.400000	0.796000	0.931000	0.959000


P79.000000 as test sample.
0.100000	0.664000	0.851000	0.898000
0.200000	0.743000	0.901000	0.938000
0.300000	0.762000	0.917000	0.946000
0.400000	0.760000	0.916000	0.953000
0.500000	0.755000	0.913000	0.947000
0.600000	0.748000	0.895000	0.945000
0.700000	0.734000	0.885000	0.925000
0.800000	0.713000	0.876000	0.909000
0.900000	0.695000	0.859000	0.891000
1.000000	0.651000	0.830000	0.870000
P80.000000 as test sample.
0.100000	0.460000	0.653000	0.726000
0.200000	0.528000	0.742000	0.805000
0.300000	0.565000	0.776000	0.839000
0.400000	0.578000	0.781000	0.849000
0.500000	0.569000	0.778000	0.851000
0.600000	0.553000	0.768000	0.837000
0.700000	0.541000	0.754000	0.819000
0.800000	0.518000	0.726000	0.798000
0.900000	0.487000	0.693000	0.767000
1.000000	0.454000	0.659000	0.731000
P81.000000 as test sample.
0.100000	0.658000	0.850000	0.900000
0.200000	0.752000	0.907000	0.946000
0.300000	0.797000	0.926000	0.958000
0.400000	0.809000	0.930000	0.952000
0.500000	0.807000	0.919000	0.950000
0.600000	0.795000	0.917000	0.946000
0.700000	0.775000	0.908000	0.937000
0.800000	0.756000	0.895000	0.921000
0.900000	0.746000	0.880000	0.912000
1.000000	0.711000	0.861000	0.898000
P82.000000 as test sample.
0.100000	0.449000	0.661000	0.742000
0.200000	0.540000	0.750000	0.809000
0.300000	0.576000	0.782000	0.828000
0.400000	0.588000	0.787000	0.839000
0.500000	0.590000	0.781000	0.835000
0.600000	0.573000	0.767000	0.830000
0.700000	0.550000	0.754000	0.807000
0.800000	0.527000	0.732000	0.792000
0.900000	0.504000	0.700000	0.766000
1.000000	0.453000	0.654000	0.726000
P83.000000 as test sample.
0.100000	0.717000	0.888000	0.927000
0.200000	0.784000	0.929000	0.956000
0.300000	0.799000	0.934000	0.963000
0.400000	0.796000	0.931000	0.959000
0.500000	0.787000	0.923000	0.950000
0.600000	0.771000	0.914000	0.941000
0.700000	0.760000	0.901000	0.931000
0.800000	0.745000	0.889000	0.923000
0.900000	0.730000	0.867000	0.906000
1.000000	0.699000	0.851000	0.894000
