0.600000	0.545000	0.788000	0.851000
0.600000	0.425000	0.676000	0.762000
0.600000	0.617000	0.815000	0.865000
0.600000	0.434000	0.665000	0.756000
0.600000	0.566000	0.783000	0.849000
0.600000	0.526000	0.758000	0.821000
0.600000	0.491000	0.723000	0.791000
0.600000	0.414000	0.656000	0.733000
0.600000	0.383000	0.618000	0.689000


P17.000000 as test sample.
0.100000	0.415000	0.649000	0.741000
0.200000	0.463000	0.707000	0.800000
0.300000	0.512000	0.744000	0.824000
0.400000	0.537000	0.774000	0.838000
0.500000	0.542000	0.776000	0.857000
0.600000	0.545000	0.788000	0.851000
0.700000	0.543000	0.772000	0.838000
0.800000	0.510000	0.734000	0.813000
0.900000	0.461000	0.668000	0.765000
1.000000	0.339000	0.559000	0.648000
P18.000000 as test sample.
0.100000	0.314000	0.572000	0.662000
0.200000	0.369000	0.616000	0.708000
0.300000	0.420000	0.647000	0.740000
0.400000	0.435000	0.670000	0.753000
0.500000	0.431000	0.676000	0.760000
0.600000	0.425000	0.676000	0.762000
0.700000	0.394000	0.650000	0.742000
0.800000	0.376000	0.617000	0.707000
0.900000	0.316000	0.541000	0.632000
1.000000	0.214000	0.414000	0.508000
P19.000000 as test sample.
0.100000	0.484000	0.717000	0.804000
0.200000	0.535000	0.761000	0.823000
0.300000	0.577000	0.788000	0.850000
0.400000	0.591000	0.809000	0.858000
0.500000	0.612000	0.820000	0.860000
0.600000	0.617000	0.815000	0.865000
0.700000	0.611000	0.802000	0.849000
0.800000	0.579000	0.779000	0.829000
0.900000	0.531000	0.733000	0.794000
1.000000	0.400000	0.623000	0.702000
P20.000000 as test sample.
0.100000	0.352000	0.581000	0.681000
0.200000	0.377000	0.630000	0.714000
0.300000	0.420000	0.649000	0.735000
0.400000	0.442000	0.661000	0.752000
0.500000	0.438000	0.674000	0.763000
0.600000	0.434000	0.665000	0.756000
0.700000	0.421000	0.644000	0.736000
0.800000	0.405000	0.619000	0.703000
0.900000	0.356000	0.567000	0.653000
1.000000	0.271000	0.470000	0.543000
P21.000000 as test sample.
0.100000	0.449000	0.696000	0.779000
0.200000	0.501000	0.735000	0.820000
0.300000	0.529000	0.760000	0.839000
0.400000	0.567000	0.777000	0.850000
0.500000	0.578000	0.790000	0.854000
0.600000	0.566000	0.783000	0.849000
0.700000	0.564000	0.771000	0.836000
0.800000	0.541000	0.741000	0.807000
0.900000	0.504000	0.697000	0.765000
1.000000	0.374000	0.585000	0.653000
P22.000000 as test sample.
0.100000	0.330000	0.574000	0.694000
0.200000	0.395000	0.648000	0.745000
0.300000	0.443000	0.697000	0.783000
0.400000	0.476000	0.731000	0.813000
0.500000	0.504000	0.756000	0.826000
0.600000	0.526000	0.758000	0.821000
0.700000	0.527000	0.743000	0.810000
0.800000	0.516000	0.718000	0.780000
0.900000	0.480000	0.670000	0.737000
1.000000	0.358000	0.576000	0.644000
P23.000000 as test sample.
0.100000	0.331000	0.599000	0.706000
0.200000	0.400000	0.667000	0.742000
0.300000	0.444000	0.704000	0.769000
0.400000	0.472000	0.718000	0.788000
0.500000	0.490000	0.721000	0.800000
0.600000	0.491000	0.723000	0.791000
0.700000	0.467000	0.687000	0.770000
0.800000	0.440000	0.657000	0.729000
0.900000	0.371000	0.588000	0.668000
1.000000	0.270000	0.460000	0.538000
P24.000000 as test sample.
0.100000	0.306000	0.548000	0.647000
0.200000	0.357000	0.603000	0.696000
0.300000	0.397000	0.644000	0.725000
0.400000	0.423000	0.656000	0.731000
0.500000	0.418000	0.656000	0.742000
0.600000	0.414000	0.656000	0.733000
0.700000	0.421000	0.643000	0.715000
0.800000	0.395000	0.593000	0.683000
0.900000	0.351000	0.537000	0.621000
1.000000	0.257000	0.434000	0.516000
P25.000000 as test sample.
0.100000	0.266000	0.497000	0.615000
0.200000	0.303000	0.548000	0.655000
0.300000	0.324000	0.575000	0.679000
0.400000	0.360000	0.601000	0.692000
0.500000	0.376000	0.616000	0.695000
0.600000	0.383000	0.618000	0.689000
0.700000	0.392000	0.603000	0.673000
0.800000	0.389000	0.581000	0.646000
0.900000	0.363000	0.543000	0.603000
1.000000	0.284000	0.451000	0.518000
