The best. 0.4 is weight of the posture.
0.400000	0.770000	0.916000	0.951000
0.400000	0.567000	0.773000	0.838000
0.400000	0.802000	0.931000	0.953000
0.400000	0.588000	0.779000	0.837000
0.400000	0.803000	0.932000	0.955000

P79.000000 as test sample.
0.100000	0.596000	0.800000	0.869000
0.200000	0.704000	0.875000	0.911000
0.300000	0.748000	0.901000	0.937000
0.400000	0.770000	0.916000	0.951000
0.500000	0.764000	0.917000	0.945000
0.600000	0.767000	0.908000	0.937000
0.700000	0.756000	0.895000	0.927000
0.800000	0.727000	0.884000	0.917000
0.900000	0.696000	0.865000	0.898000
1.000000	0.651000	0.830000	0.870000
P80.000000 as test sample.
0.100000	0.395000	0.602000	0.688000
0.200000	0.486000	0.698000	0.778000
0.300000	0.540000	0.745000	0.814000
0.400000	0.567000	0.773000	0.838000
0.500000	0.566000	0.778000	0.841000
0.600000	0.559000	0.769000	0.840000
0.700000	0.546000	0.755000	0.826000
0.800000	0.523000	0.737000	0.797000
0.900000	0.496000	0.701000	0.763000
1.000000	0.454000	0.659000	0.731000
P81.000000 as test sample.
0.100000	0.618000	0.824000	0.872000
0.200000	0.749000	0.895000	0.927000
0.300000	0.780000	0.922000	0.949000
0.400000	0.802000	0.931000	0.953000
0.500000	0.798000	0.934000	0.953000
0.600000	0.795000	0.926000	0.952000
0.700000	0.786000	0.907000	0.947000
0.800000	0.770000	0.897000	0.931000
0.900000	0.750000	0.880000	0.913000
1.000000	0.711000	0.861000	0.898000
P82.000000 as test sample.
0.100000	0.401000	0.627000	0.713000
0.200000	0.500000	0.724000	0.783000
0.300000	0.570000	0.762000	0.829000
0.400000	0.588000	0.779000	0.837000
0.500000	0.587000	0.787000	0.842000
0.600000	0.575000	0.781000	0.838000
0.700000	0.557000	0.765000	0.824000
0.800000	0.530000	0.743000	0.795000
0.900000	0.498000	0.701000	0.778000
1.000000	0.453000	0.654000	0.726000
P83.000000 as test sample.
0.100000	0.686000	0.867000	0.911000
0.200000	0.775000	0.918000	0.950000
0.300000	0.803000	0.929000	0.957000
0.400000	0.803000	0.932000	0.955000
0.500000	0.794000	0.925000	0.953000
0.600000	0.782000	0.919000	0.944000
0.700000	0.773000	0.908000	0.934000
0.800000	0.750000	0.895000	0.925000
0.900000	0.728000	0.872000	0.910000
1.000000	0.699000	0.851000	0.894000
